1.5.1
O00021
O00021
C:/Users/Philip/Documents/Hui Lab/Software/Output
PHILIP DUNCAN
ELLIOT HUI
Default_Settings
PHILIP.DUNCAN@GMAIL.COM
3410 NATURAL SCIENCES II
IRVINE, CA 92697-2715
949.824.4308
0001
1
0
0
0
0
0
0
1
0.04
PMMA
0.06
55
1
0
0.0
0.0
1
1
1
pln
0.0635
0.0635IN DIA Alignment Holes

1
1
0.0725
6000
3.0
3.0
4.0
1
0
0.125
0.005
1
1.0
1
0.0635
0.0635 IN TUBE HOLES

1
1
0.0725
6000
3.0
3.0
4.0
1
0
0.125
0.005
1
1.0
1
0.0102
0.0102 IN GND HOLES

2
1
0.0725
6000
2.0
2.0
3.0
1
0
0.125
0.005
1
1.0
1
0.03
0.03IN DIA Valve Seats

3
1
0.006
6000
6.0
2.0
6.0
1
0
0.125
0.005
1
1.0
1
0.04
0.04IN DIA

3
0
0.04
6000
6.0
2.0
6.0
1
0
0.125
0.005
1
1.0
1
0.03
0.03IN DIA

4
0
0.03
6000
5.0
2.0
5.0
1
0
0.125
0.005
1
1.0
1
0.02
0.02IN DIA

5
0
0.02
6000
4.5
2.0
4.0
1
0
0.125
0.005
1
1.0
1
0.01
0.01IN DIA

6
0
0.01
6000
4.0
1.0
4.0
1
0
0.125
0.005
1
1.0
1
0.008
0.008IN DIA

7
0
0.008
6000
3.5
1.0
3.0
1
0
0.125
0.005
1
1.0
1
0.004
0.004IN DIA

8
0
0.002
6000
1.0
0.5
1.0
1
0
0.125
0.005
1
1.0
1
0.002
0.002IN DIA

9
0
0.001
6000
0.5
0.25
1.0
1
0
0.125
0.005
1
1.0
1